9
0,1
0,0
0,3274830433115395314743801710388335563680179869622025923314903394267410283382813705327563884599/15198534600891644998676483089744087967434687287335935882677937476980976446218394376896543457280
0,3377084710017252463561695978240549483291543264051542006001394124428179705870482392639451318881/3799633650222911249669120772436021991858671821833983970669484369245244111554598594224135864320
2094021335253616539311767636830173313585774737932830032797757475985767998355840660922427119181/7599267300445822499338241544872043983717343643667967941338968738490488223109197188448271728640,0
1,0
1,16493143466342005282635123756963564245419010821691842727254628760173340139908415810798737813/1899816825111455624834560386218010995929335910916991985334742184622622055777299297112067932160
1,1
1,3377084710017252463561695978240549483291543264051542006001394124428179705870482392639451318881/3799633650222911249669120772436021991858671821833983970669484369245244111554598594224135864320
4
3 4 5 6
4 8 7 0 3
3 1 4 2
5 4 6 8 3 2
0,3377084710017252463561695978240549483291543264051542006001394124428179705870482392639451318881/3799633650222911249669120772436021991858671821833983970669484369245244111554598594224135864320
18130104095185535615998688524037106062595646324845184502506860315712192518559906758373016289089059698197962496777518656467429/86700225141315349233521833203170869917951951321619201489172004301142535246850738187227041379354432096069001260773685172633600,32827568532718453808793413815653620851326479112812891749560726983381291607669975381023077119143998162717377755343826619432497/86700225141315349233521833203170869917951951321619201489172004301142535246850738187227041379354432096069001260773685172633600
0,2942453427791947/9007199254740992
0,1
2094021335253616539311767636830173313585774737932830032797757475985767998355840660922427119181/7599267300445822499338241544872043983717343643667967941338968738490488223109197188448271728640,422548940205658786107424794195472508567128557782441964668090244817064405684116201584684545439/3799633650222911249669120772436021991858671821833983970669484369245244111554598594224135864320
120430747325423052632405999058731976251521634431221628586022282046442106707196623624833138790220060000681991011880343344131095062830783064379555367387687416418335032178294971074227782379080920600494301322340510272049/120455806905074216645143179635783571572758791377241087313493624010027498189013002237953368885549257408555001871214305346104789285531358802059526457212087730387990439152141346562366224398696880388224751832480822067200,247788571389012119251106506426989809898082493290371916033310856142208988414046786969834582505824633166656170518987705093679593785453762210672139268231163632517193155184246888642272061232078091684846856660598872647887/1927292910481187466322290874172537145164140662035857397015897984160439971024208035807253902168788118536880029939428885537676628568501740832952423315393403686207847026434261544997859590379150086211596029319693153075200
1,269966589946641/2251799813685248
1,3377084710017252463561695978240549483291543264051542006001394124428179705870482392639451318881/3799633650222911249669120772436021991858671821833983970669484369245244111554598594224135864320
1,1
