12
0,0
0,1
1/3,1
1/2,1/2
1/2,1
3/4,1
9/10,4/5
1,2/3
1,1
1,1/2
1,1/3
1,0
9
4 0 3 2 1
3 2 3 4
3 3 5 4
3 3 5 6
4 7 6 5 8
3 7 3 6
3 7 3 9
4 0 3 10 11
3 10 3 9
3581737030278048335617677259243056087677,1296180120209289471921472186663980202660
3581737030278048335617677259243056087677,1296180120209289471921472186663980202661
10745211090834145006853031777729168263032/3,1296180120209289471921472186663980202661
7163474060556096671235354518486112175355/2,2592360240418578943842944373327960405321/2
7163474060556096671235354518486112175355/2,1296180120209289471921472186663980202661
14326948121112193342470709036972224350711/4,1296180120209289471921472186663980202661
7163474060556096671235354518486112175355/2,1296180120209289471921472186663980202661
10745211090834145006853031777729168263032/3,1296180120209289471921472186663980202661
17908685151390241678088386296215280438388/5,6480900601046447359607360933319901013306/5
7163474060556096671235354518486112175355/2,1296180120209289471921472186663980202661
10745211090834145006853031777729168263032/3,1296180120209289471921472186663980202661
3581737030278048335617677259243056087677,1296180120209289471921472186663980202661
