12
0,0
1/2,0
1,0
1/4,1/4
3/4,1/4
0,1/2
1,1/2
1/4,3/4
3/4,3/4
0,1
1/2,1
1,1
9
4 0 1 4 3
3 1 2 4
4 2 4 8 6
3 6 8 11
4 7 8 11 10
3 7 9 10
4 3 5 9 7
3 0 3 5
4 3 4 8 7
807213306755972506909895126,-1/2
807213306755972506909895126,0
1614426613511945013819790251/2,0
3228853227023890027639580503/4,-1/4
3228853227023890027639580503/4,1/4
807213306755972506909895126,0
807213306755972506909895126,0
3228853227023890027639580505/4,-1/4
3228853227023890027639580505/4,1/4
1614426613511945013819790253/2,0
807213306755972506909895126,0
807213306755972506909895126,1/2
