23
0,1/2
0,1
1/2,1/2
13/22,1
2/3,1
4/5,9/10
7/8,1
1,3/4
1,1
14/15,4/5
21/22,8/11
1,1/2
1,2/3
1,1/4
1,1/3
21/22,3/11
4/5,1/10
14/15,1/5
1,0
7/8,0
2/3,0
13/22,0
0,0
24
4 0 2 3 1
4 2 6 5 3
3 2 9 6
3 5 6 8
4 6 9 10 8
4 2 6 11 12
3 12 11 9
4 9 11 8 10
3 11 6 8
3 2 9 13
4 2 13 14 12
3 12 14 9
3 2 15 13
4 2 13 16 17
3 17 16 15
3 2 15 18
3 17 19 15
4 18 15 20 21
4 15 19 21 20
3 19 18 21
4 2 18 19 17
3 22 18 21
4 2 18 22 23
4 0 2 23 24
0,1/2
0,1
1/2,1/2
13/22,1
2/3,1
4/5,9/10
7/8,1
1,3/4
1,1
2/3,1
13/22,1
4/5,9/10
2/3,1
1,3/4
2/3,1
13/22,1
4/5,9/10
2/3,1
1,1
7/8,1
2/3,1
13/22,1
0,1
