2918
2092
4590
5949
988
2498
2475
5310
2056
4451
3928
1020
2631
2913
5809
4966
2605
5224
2693
4460
5808
2482
4968
1029
5301
4324
1555
3581
3904
985
3891
1438
4534
4458
978
5277
5812
1904
2754
498
5308
5602
1278
5486
4956
1279
4461
5271
1545
3924
4371
5361
1400
4489
4579
4957
983
2937
4345
2696
2920
5601
981
4592
3929
5885
1540
2521
924
1325
4488
5291
4487
2698
5360
5358
2473
341
1565
293
5292
5554
1021
976
2694
960
3312
1546
1552
3394
4961
1331
957
5238
1855
543
2697
1027
1554
926
5215
2102
5210
2912
1564
921
2500
5839
2308
5241
1544
5245
5273
5311
1547
342
2690
2057
1280
2925
2627
1326
5209
2055
1136
3024
4593
5212
1024
942
2405
5907
947
4955
3925
5223
1332
2915
2932
1435
2911
4490
2938
4494
1338
1456
4492
344
1562
5309
5293
1131
4327
944
1275
5635
4535
4321
5214
4919
358
986
1274
1337
5473
4962
2914
3392
2465
5810
5290
2695
340
1549
4323
2919
4577
3393
4861
5604
4581
365
339
1096
5837
2604
2630
5357
4958
5213
5231
2916
2895
5762
2054
168
359
1334
1542
5454
2625
1022
2711
1559
3390
5858
2606
1902
4486
4533
2691
4591
2477
4493
2933
4322
2470
1273
1336
4532
2931
4580
5341
1028
936
1550
2880
949
1561
1324
2402
4582
1557
4320
2626
4095
5222
4604
4967
2715
2629
1649
2909
1335
954
5605
4583
2910
361
2071
1026
1397
5644
2007
4495
972
4858
2935
4859
952
2926
1392
1853
1421
5314
1539
1030
1396
5876
2469
1443
982
2921
83
5637
2929
1031
4251
989
1553
931
5216
1276
4856
929
5120
5362
965
4325
1277
360
987
3391
2104
4328
5412
970
4319
5237
5239
5916
2476
2924
4963
302
2936
5642
5363
4964
5359
4959
1025
2922
1282
911
5427
4954
2535
794
2807
984
2692
1430
4491
5249
2603
1281
4578
2917
934
4326
1023
5252
5457
