18
0,1
0,7/8
0,1/8
1,1/8
0,1/4
0,3/8
0,0
1,1/2
1,1/4
0,5/8
1,1
0,1/2
1,0
1,7/8
1,3/4
0,3/4
1,3/8
1,5/8
8
4 13 10 0 1
4 14 13 1 15
4 17 14 15 9
4 7 17 9 11
4 16 7 11 5
4 8 16 5 4
4 3 8 4 2
4 6 12 3 2
9999999999999999998,0
9999999999999999998,1/8
9999999999999999998,1/8
9999999999999999999,1/8
9999999999999999998,0
9999999999999999998,1/8
9999999999999999998,0
9999999999999999999,0
9999999999999999999,0
9999999999999999998,1/8
9999999999999999999,0
9999999999999999998,0
9999999999999999999,0
9999999999999999999,1/8
9999999999999999999,0
9999999999999999998,0
9999999999999999999,1/8
9999999999999999999,1/8
