41
3/8,3/8
1/2,1/4
1/2,1/2
5/8,3/8
3/4,1/4
1/4,1/4
1/4,1/2
3/4,1/2
7/8,3/8
1,1/4
1,1/2
1/8,3/8
0,1/4
0,1/2
1/8,1/8
0,0
1/4,0
3/8,1/8
1/2,0
5/8,1/8
3/4,0
7/8,1/8
1,0
1/8,5/8
0,3/4
1/4,3/4
3/8,5/8
1/2,3/4
5/8,5/8
3/4,3/4
7/8,5/8
1,3/4
7/8,7/8
1,1
3/4,1
5/8,7/8
1/2,1
3/8,7/8
1/4,1
1/8,7/8
0,1
64
3 0 1 2
3 1 3 2
3 1 3 4
3 0 1 5
3 0 6 2
3 0 6 5
3 7 3 2
3 7 3 4
3 7 8 4
3 9 8 4
3 9 8 10
3 7 8 10
3 11 6 5
3 11 12 5
3 11 12 13
3 11 6 13
3 14 12 5
3 14 12 15
3 14 16 15
3 14 16 5
3 17 16 5
3 17 1 5
3 17 1 18
3 17 16 18
3 1 19 18
3 1 19 4
3 20 19 4
3 20 19 18
3 20 21 4
3 20 21 22
3 9 21 22
3 9 21 4
3 23 6 13
3 23 24 13
3 23 24 25
3 23 6 25
3 26 6 25
3 26 27 25
3 26 27 2
3 26 6 2
3 27 28 2
3 7 28 2
3 27 28 29
3 7 28 29
3 7 30 29
3 7 30 10
3 31 30 10
3 31 30 29
3 31 32 29
3 31 32 33
3 34 32 33
3 34 32 29
3 34 35 29
3 27 35 29
3 27 35 36
3 34 35 36
3 37 27 36
3 37 38 36
3 37 38 25
3 37 27 25
3 39 38 25
3 39 24 25
3 39 24 40
3 39 38 40
-1/8,7/8
0,3/4
0,1
1/8,7/8
0,1
0,1
0,3/4
0,3/4
1/8,7/8
0,3/4
0,1
-1/8,7/8
0,3/4
0,1
-1/8,7/8
0,1
0,3/4
-1/8,7/8
0,1
1/8,7/8
0,3/4
1/8,7/8
0,1
-1/8,7/8
0,3/4
0,1
-1/8,7/8
0,3/4
1/8,7/8
0,1
1/8,7/8
0,3/4
1/8,7/8
0,1
0,3/4
1/8,7/8
0,1
-1/8,7/8
0,3/4
-1/8,7/8
0,1
