7
1/2,1
0,1
0,10/11
0,0
1,0
1,10/11
1,1
5
3 5 6 0
3 4 5 0
3 0 1 2
3 2 3 0
3 3 4 0
-773677294377176051/1547382208165731002,-773694556470773801/773691104082865501
-12378967901946159716/19342277602071637525,-10058094830075730863/19342277602071637525
-562680673035618128/773691104082865501,-4642201863011838306/8510602144911520511
0,0
-773691104052054251/773691104082865501,-6904837439100/773691104082865501
-2321031883131528153/8510602144911520511,-4642167338824642806/8510602144911520511
-6963130173581779959/19342277602071637525,-10058046496213657163/19342277602071637525
