49
1/2,5/6
1/6,2/3
2/3,2/3
1/3,1/2
0,5/6
2/3,5/6
0,1/3
1/2,2/3
1/2,0
1/6,1/2
1,1/6
5/6,1/6
5/6,1/2
1/3,1/3
2/3,1/2
2/3,1/6
1/6,5/6
1,5/6
1/3,0
0,0
0,1/2
5/6,0
1/3,2/3
5/6,2/3
0,1
5/6,1
1,1
5/6,1/3
0,1/6
1,1/3
1/2,1/2
2/3,1/3
2/3,1
1/3,1/6
1,0
1/6,0
1,1/2
1/2,1
1/2,1/3
5/6,5/6
1/3,5/6
1/3,1
1/6,1/6
0,2/3
2/3,0
1/6,1/3
1/2,1/6
1/6,1
1,2/3
36
4 17 26 25 39
4 48 17 39 23
4 25 32 5 39
4 5 2 23 39
4 36 48 23 12
4 23 2 14 12
4 32 37 0 5
4 0 7 2 5
4 7 30 14 2
4 29 36 12 27
4 12 14 31 27
4 14 30 38 31
4 37 41 40 0
4 40 22 7 0
4 22 3 30 7
4 3 13 38 30
4 10 29 27 11
4 27 31 15 11
4 31 38 46 15
4 38 13 33 46
4 41 47 16 40
4 16 1 22 40
4 1 9 3 22
4 9 45 13 3
4 45 42 33 13
4 21 34 10 11
4 44 21 11 15
4 8 44 15 46
4 18 8 46 33
4 35 18 33 42
4 16 47 24 4
4 1 16 4 43
4 9 1 43 20
4 45 9 20 6
4 42 45 6 28
4 19 35 42 28
1/6,1/6
1/6,0
0,0
0,1/6
0,1/6
0,1/6
0,0
1/6,0
1/6,0
1/6,1/6
0,1/6
1/6,1/6
1/6,1/6
0,0
0,1/6
0,1/6
1/6,1/6
0,1/6
0,0
0,0
0,1/6
1/6,0
0,0
1/6,0
0,0
1/6,0
0,0
1/6,0
0,1/6
0,0
1/6,1/6
0,0
0,0
0,1/6
0,0
1/6,0
0,1/6
1/6,0
1/6,0
1/6,1/6
0,1/6
0,0
1/6,1/6
0,0
0,0
1/6,0
1/6,1/6
1/6,0
0,0
