8
0,0
6349243694025590120520507960970141415712310070963818050563575232515/216315347312652991079424577643015833842938173471101018470566988873728,0
35054387916273837286495240964286280301375834548209395836879107776227798384719889343815592633356392925161879206444592243/40690842095458751963749116491129301982289316898099431452223988065963074084771925332369552707480990305530491528542158848,0
1,0
0,1
6349243694025590120520507960970141415712310070963818050563575232515/216315347312652991079424577643015833842938173471101018470566988873728,1
40686362426509374434538967003520583967182621047974622415216715952111848902451524102900107571123984126556358919908420723/40690842095458751963749116491129301982289316898099431452223988065963074084771925332369552707480990305530491528542158848,1
1,1
3
4 0 4 5 1
4 6 7 3 2
4 5 6 2 1
6349243694025590120520507960970141415712310070963818050563575232515/216315347312652991079424577643015833842938173471101018470566988873728,0
0,0
203188741098180357528413123466557961950495288086064442669188398099855614042568036349/244179312989306336881747576060353097852330989994228277199247236667683890613383593984,0
1811550753992622110565675828943629387239255401623296156546255810551921349744202257818195559562898172933826439136414182435906088937696699317205877408080251046921034026902651136686816679811790580501311494117/2592308069286515600268215326769228871461543990462952427685699099769447949997647372900828902602304652491968529944018025721470944945643149277184464516413215177119204197502100308924259683486453737847145889792,84595852703088994999200383312200101245403509171992084349826633040896749207971092449425681937376323259023618084738887425999661537195070622579858900925500632017464672624152263076076744025/2248468832377715012859668268816970621936469901302115364105041385939111288001137645230245820824389057789705519428706906420622119989509391372095995391075878130498353656750460800969413230592
6349243694025590120520507960970141415712310070963818050563575232515/216315347312652991079424577643015833842938173471101018470566988873728,1
0,1
236985330106007187053674400400943860870230182973320962670484749601825897715557896189/244179312989306336881747576060353097852330989994228277199247236667683890613383593984,1
2515659127334112537902509260461645197615984034430449026731151811170029193073693954203539357885709460322084748994634911241924210673458259534548491398464913738649937945355181855170258856533109823527674025957/2592308069286515600268215326769228871461543990462952427685699099769447949997647372900828902602304652491968529944018025721470944945643149277184464516413215177119204197502100308924259683486453737847145889792,2248536066387351713986400164010420201842205619076296264384447647397075806669508431920017002852676775223188998534230548319887740491121242173034622865094800005519626498027959257428953296217/2248468832377715012859668268816970621936469901302115364105041385939111288001137645230245820824389057789705519428706906420622119989509391372095995391075878130498353656750460800969413230592
