18
0,0
0,1/8
1,0
1,1/8
0,1/4
1,1/4
1,3/8
0,3/8
0,1/2
1,1/2
1,5/8
0,5/8
0,3/4
1,3/4
1,7/8
0,7/8
0,1
1,1
8
4 2 3 1 0
4 5 3 1 4
4 5 6 7 4
4 9 6 7 8
4 9 10 11 8
4 13 10 11 12
4 13 14 15 12
4 17 14 15 16
9999999999999999998,0
9999999999999999998,1/8
9999999999999999999,0
9999999999999999999,1/8
9999999999999999998,0
9999999999999999999,0
9999999999999999999,1/8
9999999999999999998,1/8
9999999999999999998,0
9999999999999999999,0
9999999999999999999,1/8
9999999999999999998,1/8
9999999999999999998,0
9999999999999999999,0
9999999999999999999,1/8
9999999999999999998,1/8
9999999999999999998,0
9999999999999999999,0
