25
0,1/2
1/4,1/4
1/4,1/2
1/4,3/4
1/2,1/4
1/2,1/2
1/2,3/4
3/4,1/4
3/4,1/2
3/4,3/4
1,1/2
1/2,0
3/4,0
1,0
1/4,0
0,0
1,1/4
0,1/4
1/2,1
3/4,1
1,1
1/4,1
0,1
1,3/4
0,3/4
32
3 0 1 2
3 1 4 5
3 1 5 2
3 2 5 3
3 3 5 6
3 4 7 5
3 5 7 8
3 5 8 9
3 5 9 6
3 8 10 9
3 10 7 8
3 4 7 11
3 12 7 11
3 13 7 12
3 1 4 11
3 1 11 14
3 15 1 14
3 13 7 16
3 10 7 16
3 15 1 17
3 0 1 17
3 3 2 0
3 18 9 6
3 18 19 9
3 19 20 9
3 3 18 6
3 3 18 21
3 3 21 22
3 23 10 9
3 23 20 9
3 3 24 0
3 3 24 22
0,1
1/4,3/4
1/4,1
1/4,5/4
1/2,3/4
1/2,1
1/2,5/4
3/4,3/4
3/4,1
3/4,5/4
1,1
1/2,1
3/4,1
1,1
1/4,1
0,1
3/4,1
1/4,1
1/2,1
3/4,1
1,1
1/4,1
0,1
3/4,1
1/4,1
