4
0,1
1,1
0,0
1,0
1
4 0 2 3 1
0,18840131984453558228068018317127177814225719583669136469723734756612743520/9003076068655908780059251805407295767985278867161012665823048270421525036098025663320475213272481
18840131984453558228068018317127177814225719583669136469723734756612743520/9003076068655908780059251805407295767985278867161012665823048270421525036098025663320475213272481,9003076068655908780059270645539280221543506935159617054238863931344096896670245017828308789935551/9003076068655908780059251805407295767985278867161012665823048270421525036098025663320475213272481
9003076068655908780059251805407295767985278867141299927061049705624513227533775294093552177192031/9003076068655908780059251805407295767985278867161012665823048270421525036098025663320475213272481,0
9003076068655908780059270645539280221543506935159617054238863931344096896670245017828308789935551/9003076068655908780059251805407295767985278867161012665823048270421525036098025663320475213272481,9003076068655908780059251805407295767985278867141299927061049705624513227533775294093552177192031/9003076068655908780059251805407295767985278867161012665823048270421525036098025663320475213272481
