41
0,3/4
0,1
1/8,7/8
1/4,1
1/4,3/4
3/8,7/8
1/2,1
1/2,3/4
5/8,7/8
3/4,3/4
3/4,1
7/8,7/8
1,3/4
1,1
7/8,5/8
1,1/2
3/4,1/2
5/8,5/8
1/2,1/2
3/8,5/8
1/4,1/2
1/8,5/8
0,1/2
7/8,3/8
1,1/4
3/4,1/4
7/8,1/8
1,0
3/4,0
5/8,3/8
1/2,1/4
5/8,1/8
1/2,0
3/8,3/8
1/4,1/4
1/8,3/8
0,1/4
1/8,1/8
1/4,0
0,0
3/8,1/8
64
3 0 2 1
3 3 2 1
3 0 2 4
3 3 2 4
3 5 3 4
3 5 3 6
3 5 7 6
3 5 7 4
3 8 7 6
3 8 7 9
3 8 10 9
3 10 11 9
3 12 11 9
3 12 11 13
3 10 11 13
3 8 10 6
3 12 14 9
3 12 14 15
3 16 14 15
3 16 14 9
3 17 16 9
3 17 7 9
3 17 7 18
3 17 16 18
3 19 7 18
3 19 20 18
3 19 7 4
3 19 20 4
3 20 21 4
3 0 21 4
3 0 21 22
3 20 21 22
3 16 23 15
3 24 23 15
3 24 23 25
3 24 26 25
3 24 26 27
3 28 26 27
3 28 26 25
3 16 23 25
3 29 16 25
3 29 16 18
3 29 30 25
3 31 30 25
3 31 28 25
3 31 28 32
3 31 30 32
3 29 30 18
3 33 30 18
3 33 20 18
3 33 20 34
3 20 35 34
3 20 35 22
3 36 35 22
3 36 35 34
3 36 37 34
3 38 37 34
3 36 37 39
3 38 37 39
3 40 38 34
3 40 38 32
3 40 30 32
3 40 30 34
3 33 30 34
1/8,0
1/8,1/4
1/4,1/8
1/8,0
1/8,1/4
0,1/8
1/8,1/4
1/8,0
0,1/8
1/8,1/4
1/8,0
1/4,1/8
1/8,0
1/8,1/4
1/4,1/8
1/8,1/4
1/8,0
0,1/8
1/8,1/4
0,1/8
1/8,0
1/4,1/8
1/8,1/4
1/4,1/8
1/8,0
1/8,1/4
1/4,1/8
1/8,1/4
1/8,0
0,1/8
1/8,0
0,1/8
1/8,1/4
0,1/8
1/8,1/4
1/4,1/8
1/8,0
1/4,1/8
1/8,0
1/8,1/4
0,1/8
