34
0,0
0,1/16
1,0
1,1/16
0,1/8
1,1/8
1,3/16
0,3/16
0,1/4
1,1/4
1,5/16
0,5/16
0,3/8
1,3/8
1,7/16
0,7/16
0,1/2
1,1/2
1,9/16
0,9/16
0,5/8
1,5/8
1,11/16
0,11/16
0,3/4
1,3/4
1,13/16
0,13/16
0,7/8
1,7/8
1,15/16
0,15/16
0,1
1,1
16
4 3 1 0 2
4 3 1 4 5
4 6 7 4 5
4 6 7 8 9
4 10 11 8 9
4 10 11 12 13
4 14 15 12 13
4 14 15 16 17
4 18 19 16 17
4 18 19 20 21
4 22 23 20 21
4 22 23 24 25
4 26 27 24 25
4 26 27 28 29
4 30 31 28 29
4 30 31 32 33
0,1/16
0,0
1,1/16
1,0
0,1/16
1,1/16
1,0
0,0
0,1/16
1,1/16
1,0
0,0
0,1/16
1,1/16
1,0
0,0
0,1/16
1,1/16
1,0
0,0
0,1/16
1,1/16
1,0
0,0
0,1/16
1,1/16
1,0
0,0
0,1/16
1,1/16
1,0
0,0
0,1/16
1,1/16
