21
1/2,1/4
1/2,1/2
3/4,1/4
1,1/4
1,1/2
3/4,3/4
1,3/4
1,1
1/4,1/4
3/4,1
1/2,1
1/4,3/4
1/4,1
1/4,1/2
1,0
1/2,0
1/4,0
0,0
0,1/4
0,1/2
0,1
24
3 1 5 4
3 5 6 4
3 5 7 6
3 0 8 1
3 5 7 9
3 5 9 10
3 1 5 10
3 1 11 10
3 11 12 10
3 13 11 1
3 13 8 1
3 2 3 14
3 15 2 14
3 0 2 15
3 0 8 15
3 16 8 15
3 16 8 17
3 18 8 17
3 18 8 19
3 13 8 19
3 13 11 19
3 19 11 20
3 11 12 20
5 3 4 1 0 2
1/4,1/2
0,1/2
1/4,1/4
1/4,0
0,0
1/4,1/4
1/4,0
1/2,0
1/4,1/4
1/4,0
0,0
1/4,1/4
1/4,0
1/4,1/2
0,0
0,1/2
1/4,1/2
0,1/2
1/4,1/2
0,1/2
0,0
