1201
1624
717
1405
999
710
1077
1190
1778
567
1128
647
2218
691
1149
2187
791
1383
1403
309
1145
159
2112
1173
2334
773
1168
2237
299
2079
304
2228
1377
2245
975
1372
1074
1085
1402
1781
2116
1166
156
157
2069
1768
2494
1006
600
1603
845
307
300
745
2065
1782
1155
783
1705
1124
723
1374
585
1071
665
303
2168
2244
1186
736
1111
1106
1567
582
2148
103
1404
579
1384
832
1118
742
2127
2428
994
1371
735
1132
1164
1093
740
155
611
1104
720
630
1127
1094
1171
2115
658
1731
2094
1001
1766
2201
733
1004
1478
1231
1044
1764
1076
555
747
2335
160
2412
2075
1412
998
1783
566
838
1570
515
301
584
778
514
2206
793
2332
308
1123
1780
1156
664
1005
738
1151
1762
1180
1152
1382
1847
606
556
310
1375
569
583
1779
1007
1373
2398
178
1146
306
1844
776
1126
305
1178
