5207
5205
5349
4262
5181
4846
2602
2225
5536
2266
5305
2754
2564
5143
2668
4376
2777
2758
5173
5416
5304
4849
2966
2267
2213
4558
3921
5487
4443
4412
4555
5581
2211
4041
2051
3817
5287
3774
5150
4851
5338
3815
2414
4885
5286
5285
5491
335
5426
5198
4121
2053
2220
2052
5176
3180
3914
2049
3919
5334
334
5289
4884
336
3816
5288
2757
2763
2597
2600
4559
4810
4883
5306
4114
337
4560
2599
2565
331
2601
3773
4367
4369
78
3920
2050
5303
3404
2048
4557
4108
5505
3182
2598
5261
4446
2146
3272
3148
2563
3916
4556
4848
5307
4853
4857
5612
82
338
