4358
5515
5811
2293
2123
524
2891
5513
846
5851
3729
2883
690
5333
1073
3962
4724
2739
2284
3349
2232
2750
1980
4174
5565
2286
5879
4876
743
2527
4354
2000
5079
3745
2280
4415
3754
3397
2808
5794
6038
4476
5347
4360
2886
4652
5192
2331
2466
519
5411
4997
3711
678
4905
5576
5603
2759
5372
328
3576
6112
680
4423
2822
4844
4410
294
3961
2831
4389
2798
100
4166
3716
3974
3707
3566
5526
2305
166
5259
5159
2844
163
3199
2289
2800
2095
454
4706
6118
4841
5408
5956
2302
3411
3875
2271
3179
2097
4348
5050
3168
5914
4896
5535
3194
4361
4710
2455
676
5599
5269
5921
3347
2794
2506
5512
97
5380
91
681
4819
20
1163
2628
3760
5843
4350
4366
4336
3036
2888
4731
5015
210
5780
6050
4026
5957
2746
4990
4722
369
5189
2515
2839
1960
5054
84
3954
2742
6124
3037
208
4468
3102
167
5348
217
2838
3762
3399
2896
4596
5887
5889
4567
1743
5008
3756
2900
5901
6039
4897
4774
2209
4173
5781
3715
6035
5185
200
5407
1095
4570
5776
2276
221
2301
3418
5920
5097
5302
4285
2493
2827
5611
2738
87
5999
3401
2734
3181
2109
904
2841
6033
1956
4999
3568
5191
1395
682
2737
2330
2743
5614
4998
2786
171
5789
4694
1885
2138
5829
4977
6032
2291
3586
3964
2712
2468
3971
1090
3595
1941
686
2753
2824
2819
5609
4719
3996
1983
4904
4824
2265
3885
252
4708
4817
5383
521
5610
4688
3708
2747
2467
4223
3709
5962
2814
4347
1148
5902
4645
22
5970
4691
90
2298
6031
2842
3580
5983
2303
4687
5516
5156
3972
3726
3718
5405
5332
5339
2861
2304
34
4893
675
4704
4356
374
5625
4699
2762
5130
4718
522
2804
614
4440
5178
4250
5022
2865
4601
2277
192
3145
2812
2196
2724
5184
2068
5608
5853
5650
3968
4157
5813
2233
164
2733
5344
1942
3800
1489
5857
3151
5270
3767
3949
3193
3721
4836
2279
3990
2507
1843
4352
219
4828
3032
2126
382
3039
3967
95
4815
1989
3035
5236
5055
3406
5142
3719
4044
5260
4077
3759
5738
5194
4290
4401
1999
5511
4176
1169
2200
375
2103
2755
1159
213
57
3710
3223
711
4372
3271
2504
196
5102
366
3245
5985
5193
2718
4117
3761
4584
4996
1945
2285
2354
2098
3959
5974
6133
6070
19
1973
5276
1842
4913
4822
3840
3294
1591
3706
5139
1963
5047
5832
3723
4119
5819
2526
2275
5917
2236
6052
3744
5510
2110
2090
5272
5532
5403
5133
4220
5153
5900
523
5404
4992
5507
6084
5002
1831
5406
3803
5986
5860
5006
3559
4816
2260
2523
3781
5797
5337
2288
2829
1987
5014
3724
568
4895
2121
23
3177
2495
2619
3034
5919
1982
1623
2774
4221
2885
2290
5982
4697
2299
3958
3410
2508
5838
5607
5888
4912
5782
5852
2893
2111
687
3547
4408
4813
4382
1390
531
2789
2474
3101
3824
1997
685
5162
5703
3730
2662
3960
5003
4898
204
4757
2294
1966
93
5570
4381
2513
5723
5638
4291
2735
2864
2283
5875
4357
5166
5583
2751
1832
2661
2779
2234
3038
2816
5230
5352
1241
2511
3416
1959
683
3584
4685
187
5071
5007
3161
2122
3162
3164
1670
5600
5816
2835
2217
5787
4820
4295
1608
4576
5190
2550
2281
3647
6135
4684
2840
3836
2091
3746
2666
206
4210
2230
5508
2548
2295
3166
2403
1160
3874
4700
4875
2809
5654
165
1141
2129
4564
5817
679
5615
3563
2741
6066
4832
4293
1460
578
85
4993
88
4976
1977
4674
2388
2297
4730
198
4364
1605
170
3757
368
5402
2928
4830
2616
3409
4230
5000
4994
3167
3867
588
4287
5476
5381
5871
5414
2120
899
4428
3725
2130
2843
5937
3169
3860
3579
5514
3342
5051
2868
2801
1098
4928
2003
5509
4340
2287
2118
5590
3714
4286
5371
5573
3608
3403
2745
688
2226
4353
3947
5267
96
387
4349
2744
2530
86
570
4749
4379
3969
3712
4409
2124
1157
2799
2300
3400
371
367
2292
6058
1368
2736
384
5351
5948
3691
3549
4752
3072
4030
4894
770
6012
4826
3763
1979
3031
5746
2516
5785
5200
5039
3351
3527
215
89
2872
4698
2093
24
3041
2296
3040
5004
376
684
4881
1933
2514
2817
1965
2240
4784
5001
759
2087
4337
5984
3772
3625
3966
2074
4924
2278
2875
5005
4454
3073
3405
372
5618
3368
4639
5075
5671
4679
292
2764
3713
4351
5401
59
5196
202
4995
2005
589
6115
2125
5777
2731
2503
2898
2006
2749
4172
2512
3755
4702
5186
1958
99
3758
3585
270
2282
2969
21
2877
2818
4732
5517
5828
3286
5912
3189
689
5188
3570
762
1972
2231
1240
3866
1234
5915
586
1167
3113
3722
3981
3917
2088
1952
3865
5861
2241
2793
1239
5268
4927
4090
92
4475
1949
