4
0,1
1,0
0,0
1,1
1
4 2 1 3 0
169999999999999999999999999999999999999999999999999999999999999999999999999999999999999999999999999990,169999999999999999999999999999999999999999999999999999999999999999999999999999999999999999999999999991
169999999999999999999999999999999999999999999999999999999999999999999999999999999999999999999999999991,169999999999999999999999999999999999999999999999999999999999999999999999999999999999999999999999999990
169999999999999999999999999999999999999999999999999999999999999999999999999999999999999999999999999990,169999999999999999999999999999999999999999999999999999999999999999999999999999999999999999999999999990
169999999999999999999999999999999999999999999999999999999999999999999999999999999999999999999999999991,169999999999999999999999999999999999999999999999999999999999999999999999999999999999999999999999999991
