4
0,1
1,0
0,0
1,1
1
4 2 1 3 0
199999999999999999999999999999999999999999999999999999999999999999999999999999999999999999999999999990,199999999999999999999999999999999999999999999999999999999999999999999999999999999999999999999999999991
199999999999999999999999999999999999999999999999999999999999999999999999999999999999999999999999999991,199999999999999999999999999999999999999999999999999999999999999999999999999999999999999999999999999990
199999999999999999999999999999999999999999999999999999999999999999999999999999999999999999999999999990,199999999999999999999999999999999999999999999999999999999999999999999999999999999999999999999999999990
199999999999999999999999999999999999999999999999999999999999999999999999999999999999999999999999999991,199999999999999999999999999999999999999999999999999999999999999999999999999999999999999999999999999991
