34
1,11/16
0,15/16
1,13/16
1,1/4
0,0
0,3/4
1,5/16
0,3/8
0,5/16
0,9/16
1,3/16
1,3/8
1,7/16
1,5/8
1,7/8
1,9/16
1,3/4
0,1
1,1/16
0,7/16
0,13/16
0,1/2
0,7/8
1,1/2
1,1/8
1,15/16
0,5/8
0,1/16
0,3/16
0,1/8
1,0
0,11/16
0,1/4
1,1
16
4 25 33 17 1
4 14 25 1 22
4 2 14 22 20
4 16 2 20 5
4 0 16 5 31
4 13 0 31 26
4 15 13 26 9
4 23 15 9 21
4 12 23 21 19
4 11 12 19 7
4 6 11 7 8
4 3 6 8 32
4 10 3 32 28
4 24 10 28 29
4 18 24 29 27
4 4 30 18 27
13371,1/16
13370,1/16
13371,1/16
13371,0
13370,0
13370,0
13371,1/16
13370,0
13370,1/16
13370,1/16
13371,1/16
13371,0
13371,1/16
13371,0
13371,0
13371,1/16
13371,0
13370,0
13371,1/16
13370,1/16
13370,1/16
13370,0
13370,0
13371,0
13371,0
13371,1/16
13370,0
13370,1/16
13370,1/16
13370,0
13371,0
13370,1/16
13370,0
13371,0
