9
1/7,1/7
1/7,3/7
1/7,6/7
3/7,1/7
3/7,3/7
3/7,6/7
6/7,1/7
6/7,3/7
6/7,6/7
4
0 3 4 1
1 4 5 2
3 6 7 4
4 7 8 5
17
0.14285714285714285,0.14285714285714285 0
0.14285714285714285,0.42857142857142855 1
0.14285714285714285,0.8571428571428571 2
0.42857142857142855,0.14285714285714285 3
0.42857142857142855,0.42857142857142855 4
0.42857142857142855,0.8571428571428571 5
0.8571428571428571,0.14285714285714285 6
0.8571428571428571,0.42857142857142855 7
0.8571428571428571,0.8571428571428571 8
0.8571428571428571,-0.14285714285714285 7
0.42857142857142855,-0.14285714285714285 4
0.14285714285714285,-0.14285714285714285 1
-0.14285714285714285,0.14285714285714285 3
-0.14285714285714285,-0.14285714285714285 4
-0.14285714285714285,0.42857142857142855 4
-0.14285714285714285,0.8571428571428569 5
0.14285714285714285,0.8571428571428569 2
9
4 0 3 4 1
4 1 4 5 2
4 3 6 7 4
4 4 7 8 5
4 3 6 9 10
4 0 3 10 11
4 0 12 13 11
4 0 12 14 1
4 1 14 15 16
