8
1/2,1
0,1
0,1/2
1/2,0
1,0
1,1/2
0,0
1,1
5
3 6 3 2
3 3 4 5
3 5 7 0
3 0 1 2
4 2 3 5 0
3663453522564761/4294967296,45770008168509611320458819850112996277/2
3663453522564761/4294967296,22885004084254805660229409925056498138
3663451375081113/4294967296,22885004084254805660229409925056498138
3663453522564761/4294967296,45770008168509611320458819850112996275/2
3663453522564761/4294967296,22885004084254805660229409925056498138
3663455670048409/4294967296,22885004084254805660229409925056498138
3663453522564761/4294967296,22885004084254805660229409925056498138
3663453522564761/4294967296,22885004084254805660229409925056498138
