8
1/2,1
0,1
0,1/2
1/2,0
1,0
1,1/2
0,0
1,1
5
3 6 3 2
3 3 4 5
3 5 7 0
3 0 1 2
4 2 3 5 0
1/2,246913578024691357802469135780246913578024691357802469135783/2
1/2,123456789012345678901234567890123456789012345678901234567891
0,123456789012345678901234567890123456789012345678901234567891
1/2,246913578024691357802469135780246913578024691357802469135781/2
1/2,123456789012345678901234567890123456789012345678901234567891
1,123456789012345678901234567890123456789012345678901234567891
1/2,123456789012345678901234567890123456789012345678901234567891
1/2,123456789012345678901234567890123456789012345678901234567891
