31
0,1
60/61,50/61
1,10/11
1,12/13
1,16/17
1,30/31
1,31/32
1,1
793/791,730/791
1037/1031,970/1031
1891/1871,1810/1871
1952/1931,1870/1931
61/60,1
50/49,50/49
41/40,1
32/31,30/31
25/24,1
43/41,42/41
37/35,1
31/29,28/29
13/12,1
533/487,500/487
21/19,20/19
697/623,640/623
17/15,1
289/247,230/247
13/11,10/11
85/71,66/71
5/4,1
17/13,12/13
41/29,30/29
29
0 1 2
0 2 3
0 3 4
0 4 5
0 5 6
0 6 7
0 7 12 13
0 13 14 16 17
0 17 18 20 21
0 21 22
2 8 3
3 8 9 4
4 9 10 5
5 10 11 6
6 11 12 7
8 26 25 9
9 25 24 20 19 10
10 19 18 16 15 11
11 15 14 12
12 14 13
14 15 16
16 18 17
18 19 20
20 24 23 21
21 23 22
23 24 28 29 30
24 25 27 28
25 26 27
27 29 28
