73
-45723990649887013782687/764170222799962227625000,-404307623835035017182159/764170222799962227625000
-28966395606645231981/1766192154519230137600,12073807201231275823/441548038629807534400
-297274245849055/20472248637665136,0
-22343139226901661019/1767317960341772336000,12073807201231275823/441829490085443084000
-1681008021660282492763/152564842938955622036000,0
-5297376419596344169/509112997051354796000,-2298172953681526261/222736936209967723250
-10115321571667921/1040578549057576800,0
-19080946460079/2412227201689600,16466413791889/603056800422400
-555109683/87371987050,0
-11578871551377/2413502387056000,16466413791889/603375596764000
-728206185091619/208335806805756000,0
-823457690205866533/274320409745559164000,-4610724087413375831/445770665836533641500
-1859631603333197758541/763034054247128116448800,0
-2006892003088814047/836038310576413688000,1825412457300912527/2717124509373344486000
-9243718333933499/3868826046160768000,0
-7706663936359/3476380511636000,-233782127766587/22596473325634000
-52090313423/26395324838400,0
-545955406175900309/278853199249346088000,200417695600607743/302090965853458262000
-20368923/15294111200,208569031/7647055600
-10350604431622377861/10869400147356003502400,1751032956797116751/2717350036839000875600
-3039/3222400,0
-10156487065735251303/10875269691763846520000,1751032956797116751/2718817422940961630000
-530019/956008250,208569031/7648066000
-218333227163638293/517727539747525384000,574728244450675597/906023194558169422000
-2210160127/5280460128000,0
-2369685289363/6457210279844000,-233964409822271/22600235979454000
-32335221727667/91904199193234000,-833847801270609/91904199193234000
-889363/2550143840,-1056000481/102005753600
-3870269830429/11488197316881750,-8175164612107/901035083677000
-9413/37237650,0
-252501763881/1022555798116900,303654038431/481202728525600
0,0
0,76847729963233/122690427457343200
0,9413/345200
76847729963233/2323651784577600,0
501090949173156319/734796994024764000,-177058637722607/14407784196564000
350706980998087871/504261609960076000,-6423433999051813/504261609960076000
129151829798469981513713/184569638786337004324000,-2330419152963026163899/184569638786337004324000
3458712277/4885789600,-437113709/34200527200
716128653620037179178113/764170222799962227625000,-463777598049492639941559/764170222799962227625000
2566089290554924002186171463/2609310833602579313613932000,-4476807963599898169092763/326163854200322414201741500
280586636456491975867253409/285215829031933178164232000,-2021173695423575598740699/213911871773949883623174000
1036482674838107198776444303057/1053223196047865814942621265625,-43351957174097164212860523383/8425785568382926519540970125000
750049312435942113420979/761852644269924192960800,0
1741957836960786718019/1766192154519230137600,10021751311813625823/441548038629807534400
6741094882775815/6824082879221712,0
1748581093340530288981/1767317960341772336000,10021751311813625823/441829490085443084000
151153036538332163032237/152564842938955622036000,0
91209286543981524708287741951/92033805570626057536016247250,-42019604145337356022831071701/8467110112497597293313494747000
40509472241107844634038073/40864901760210752771368000,-2007593569810179970809331/214540734241106452049682000
504817907120686855831/509112997051354796000,-437630690616563573/31819562315709674750
165619250333249246059/166979204974992088000,-2732475084520462861/292213608706236154000
3426467770273328050905949/3453583611165602833662500,-34076871261923903167189/6907167222331205667325000
1032748890360957079/1040578549057576800,0
2397701923489921/2412227201689600,13665970141889/603056800422400
173917508759/174743974100,0
2405203998398623/2413502387056000,13665970141889/603375596764000
207844636201433381/208335806805756000,0
219010981354006851707/219478330857244781500,-2099534670224669507/438956661714489563000
1138757799107299/1140942695608000,-34394889120289/3708063760726000
175087527282900924871/175404852198475850000,-837485480359600103/175404852198475850000
26350537936577/26395324838400,0
15276306077/15294111200,173119031/7647055600
35416571/35446400,0
1911024337/1912016500,173119031/7648066000
4951759862756489/4953972730309000,-11737800543071/2476986365154500
5278315489873/5280460128000,0
9883641416930749/9887312681763000,-46092854225833/6591541787842000
2119420297908883/2120183630296000,-34346136986857/3710321353018000
4184454323/4185691700,-309946753/33485533600
37229837/37237650,0
1,0
1,7813/345200
66
0 39 40 38 36 27 25 15 11 5 4 2 1
1 2 3
2 4 3
3 4 6 7
4 5 6
5 11 10 8 6
6 8 7
7 8 9
8 10 9
9 10 12 13 17 18
10 11 12
11 15 14 12
12 14 13
13 14 16 17
14 15 16
15 25 24 20 16
16 20 19 17
17 19 18
18 19 21 22
19 20 21
20 24 23 21
21 23 22
22 23 30 33
23 24 29 30
24 25 26 28 29
25 27 26
26 27 28
27 36 35 28
28 35 34 31 29
29 31 32 30
30 32 33
31 34 32
32 34 43 44 33
34 35 37 42 43
35 36 37
36 38 37
37 38 41 42
38 40 41
40 50 49 41
41 49 48 42
42 48 47 45 43
43 45 44
44 45 46
45 47 46
46 47 53 54
47 48 52 53
48 49 51 52
49 50 51
51 59 58 52
52 58 57 55 53
53 55 54
54 55 56
55 57 56
56 57 61 62
57 58 60 61
58 59 60
59 68 65 60
60 65 67 66 63 61
61 63 62
62 63 64
63 66 64
64 66 70 72
65 68 67
66 67 69 70
67 68 69
70 71 72
