87
0,1
1,8/9
1,26/29
1,66/71
1,119/128
1,16/17
1,73/77
1,202/203
1,304/305
1,1
1775/1763,1638/1763
54400/54031,50206/54031
2911/2885,536/577
5248/5201,4832/5201
7225/7159,6734/7159
6545/6476,1534/1619
697/689,648/689
77/76,18/19
595/583,16822/16907
129625/126967,126542/126967
425/416,1
44/43,130/129
8323/8129,8088/8129
12505/12209,12168/12209
41/40,1
38/37,112/111
317/308,1
19337/18773,93548/93865
203/197,196/197
19825/19231,19166/19231
65/63,1
5371/5204,1342/1301
32/31,32/31
3275/3172,818/793
57/55,56/55
8515/8189,8449/8189
26/25,413/400
155/149,154/149
5920/5689,5874/5689
24235/23284,6006/5821
25/24,1
68/65,66/65
3275/3116,804/779
185/176,1
800/761,786/761
61/58,30/29
56425/53623,53438/53623
4768/4531,4680/4531
19519/18544,4785/4636
149/140,1
45445/42649,42500/42649
14245/13324,3146/3331
629/587,550/587
128/119,110/119
1513/1399,1310/1399
11473/10576,2495/2644
115/106,50/53
6853/6316,1490/1579
149/137,2180/2329
71/65,12/13
289/263,246/263
1309/1187,1119/1187
27145/24439,24350/24439
89/80,1
131/116,30/29
5185/4583,4566/4583
17/15,1
81/71,72/71
193/168,1
61/53,264/265
68/59,489/472
241/209,1
833/711,254/237
964/821,6809/6568
13/11,12/11
49/41,44/41
160/131,136/131
5/4,1
32/25,26/25
385/296,69/74
17/13,12/13
205/156,1
2233/1697,1581/1697
109/81,26/27
11/8,13/14
29/21,1
41/29,28/29
87
0 1 2
0 2 3
0 3 4
0 4 5
0 5 6
0 6 7
0 7 8
0 8 9
0 9 20 21
0 21 24 25
0 25 31
0 31 32
0 32 36 37
0 37 38 44 45
0 45 47 70 72
0 72 74
1 12 10 2
2 10 3
3 10 11 4
4 11 14 5
5 14 15 6
6 15 18 7
7 18 19 8
8 19 20 9
10 12 13 11
11 13 16 14
12 59 58 54 53 13
13 53 52 16
14 16 17 15
15 17 22 18
16 52 51 17
17 51 46 29 28 22
18 22 23 19
19 23 24 20
20 24 21
22 28 27 23
23 27 26 24
24 26 25
25 26 30 34 33 31
26 27 29 30
27 28 29
29 46 43 40 30
30 40 34
31 33 32
32 33 35 36
33 34 35
34 40 41 39 35
35 39 38 36
36 38 37
38 39 42 44
39 41 42
40 43 41
41 43 49 48 42
42 48 47 44
43 46 50 49
44 47 45
46 51 55 50
47 48 64 67 70
48 49 63 64
49 50 62 63
50 55 57 62
51 52 54 56 55
52 53 54
54 58 56
55 56 57
56 58 60 61 57
57 61 65 62
58 59 60
60 80 79 61
61 79 77 71 69 65
62 65 66 63
63 66 67 64
65 69 68 66
66 68 67
67 68 71 73 70
68 69 71
70 73 75 72
71 77 76 73
72 75 74
73 76 75
76 77 78
77 79 82 83 81
77 81 78
79 80 82
81 83 85
82 84 83
83 84 86 85
