92
0,1
1,24/25
1,30/31
1,32/33
1,137/141
1,452/465
1,119/121
1,177/179
1,1
15873/15871,15390/15871
67821/67804,16470/16951
7215/7213,217350/223603
10329/10321,10008/10321
44133/44092,10710/11023
29109/29081,10872/11185
58201/58142,28590/29071
6623/6614,3270/3307
37873/37802,18588/18901
481/480,1
450/449,450/449
56027/55898,27636/27949
421/420,1
363/362,180/181
75359/75122,37140/37561
313/312,1
91709/91391,91704/91391
50941/50762,24960/25381
11581/11539,58008/57695
263/262,132/131
40885/40721,40942/40721
3809/3793,3806/3793
465/463,450/463
221/220,1
179/178,88/89
31097/30919,30405/30919
145/144,1
8497/8435,8464/8435
26825/26623,26768/26623
257/255,1
75301/74683,74940/74683
239/237,80/79
47545/47143,47400/47143
225/223,225/223
36445/36103,36300/36103
57721/57163,57360/57163
197/195,1
193/191,195/191
23837/23539,23145/23539
26825/26479,26624/26479
42485/41923,42068/41923
145/143,1
141/139,135/139
121/119,117/119
101/99,1
293/287,288/287
3737/3659,18396/18295
425/416,1
233/227,234/227
4675/4547,13216/13641
49765/48169,48438/48169
269/260,1
59/57,160/171
2959/2837,8242/8511
47/45,26/27
407/389,1130/1167
11029/10453,9646/10453
37/35,1
6845/6463,6500/6463
4035/3808,2587/2856
31/29,30/29
119/111,286/333
481/445,2238/2225
13/12,1
723/659,8921/9885
429/391,378/391
9881/8929,8206/8929
79/71,66/71
533/477,146/159
9/8,9/10
2651/2339,6776/7017
6437/5667,1732/1889
241/209,1
8917/7709,38786/38545
5181/4441,4284/4441
157/132,1
37/31,156/155
109/91,1
11/9,26/27
283/227,264/227
5/4,1
41/31,28/31
239/169,168/169
91
0 1 2
0 2 3
0 3 4
0 4 5
0 5 6
0 6 7
0 7 8
0 8 18 19
0 19 21 24 25
0 25 27
0 27 28
0 28 29 37 40
0 40 42 46
0 46 48 55 57
0 57 59 67 69
0 61 58 12 1
0 65 63 61
0 68 65
0 69 71 82 88
0 70 68
1 12 9 2
2 9 3
3 9 10 4
4 10 11 5
5 11 15 6
6 15 16 7
7 16 18 8
9 12 13 10
10 13 14 11
11 14 17 15
12 58 56 53 52 51 13
13 51 47 34 31 14
14 31 26 17
15 17 20 16
16 20 22 21 18
17 26 23 20
18 21 19
20 23 22
21 22 24
22 23 33 32 24
23 26 34 38 35 33
24 32 30 25
25 30 29 27
26 31 34
27 29 28
29 30 36 37
30 32 35 36
32 33 35
34 47 45 38
35 38 39 36
36 39 41 37
37 41 42 40
38 45 44 39
39 44 43 41
41 43 42
42 43 48 46
43 44 49 48
44 45 50 49
45 47 52 50
47 51 52
48 49 54 55
49 50 53 54
50 52 53
53 56 54
54 56 60 59 55
55 59 57
56 58 62 60
58 61 63 62
59 60 66 67
60 62 64 66
62 63 64
63 65 75 76 74 64
64 74 72 66
65 68 73 75
66 72 71 67
67 71 69
68 70 73
71 72 81 82
72 74 79 81
73 78 77 75
74 76 79
75 77 76
76 77 80 83 79
77 78 80
79 83 84 81
80 90 89 87 83
81 84 85 82
82 85 86 89 90 91 88
83 87 86 84
84 86 85
86 87 89
