95
0,1
1,12/13
1,62/65
1,448/467
1,24/25
1,32/33
1,46/47
1,217/219
1,141/142
1,1
10329/10321,10008/10321
14711/14689,14376/14689
68547/68378,33876/34189
44446/44329,44016/44329
313/312,1
288/287,288/287
265/264,1
7526/7493,7440/7493
219/218,108/109
425/423,1748/1833
25702/25579,25398/25579
181/180,1
7939/7895,7572/7895
28417/28241,28422/28241
305/303,102/101
40349/40067,40324/40067
561/557,540/557
257/255,1
235/233,228/233
18247/18089,35921/36178
209/207,68/69
12079/11953,11696/11953
12070/11941,11856/11941
8481/8383,8126/8383
85/84,1
157/155,156/155
467/461,442/461
145/143,1
10295/10141,20137/20282
935/921,2678/2763
19975/19639,19214/19639
117/115,338/345
6815/6697,6552/6697
319/313,910/939
60350/59159,58734/59159
425/416,1
9425/9223,8788/9223
32300/31529,31954/31529
18275/17801,18226/17801
87125/84671,87646/84671
765/743,2314/2229
34000/33019,34294/33019
6815/6607,23673/26428
280/271,286/271
14800/14251,14806/14251
1665/1603,4994/4809
37925/36479,37774/36479
1591/1525,1562/1525
740/707,13618/13433
43/41,65/82
185/176,1
5254/4987,4950/4987
1739/1643,1606/1643
2035/1917,5566/5751
12025/11269,10714/11269
188/173,154/173
2509/2241,3542/3735
6369/5639,5446/5639
9071/7991,7798/7991
27406/23951,23758/23951
3445/3009,950/1003
193/168,1
1749/1513,1460/1513
772/667,12866/12673
2491/2143,2090/2143
8299/7129,7322/7129
41/35,26/25
3763/3209,6365/6418
53/45,1
4687/3973,4082/3973
19/16,65/64
109/91,1
71/59,117/118
185/153,1
5123/4217,4108/4217
11/9,26/27
43/35,36/35
235/191,186/191
5/4,1
47/37,36/37
9/7,22/21
127/97,99/97
4/3,21/20
65/47,44/47
41/29,28/29
95
0 1 2
0 2 3
0 3 4
0 4 5
0 5 6
0 6 7
0 7 8
0 8 9
0 9 14 15
0 15 16 21 23
0 23 24
0 24 25 35 37 45 47
0 47 48
0 48 49
0 49 50
0 50 51
0 51 53
0 52 46 19 1
0 59 52
1 19 2
2 19 22 3
3 22 26 10 4
4 10 5
5 10 11 6
6 11 12 7
7 12 13 8
8 13 14 9
10 26 28 11
11 28 30 29 20 18 12
12 18 17 13
13 17 16 14
14 16 15
16 17 20 21
17 18 20
19 46 43 39 36 22
20 29 27 21
21 27 25 23
22 36 33 26
23 25 24
25 27 34 35
26 33 31 28
27 29 32 34
28 31 30
29 30 32
30 31 40 41 38 32
31 33 39 40
32 38 37 34
33 36 39
34 37 35
37 38 44 45
38 41 44
39 43 42 40
40 42 41
41 42 62 61 44
42 43 63 62
43 46 64 63
44 61 60 45
45 60 58 47
46 52 65 64
47 58 57 48
48 57 56 49
49 56 55 50
50 55 54 51
51 54 53
52 59 70 66 65
54 55 90 91 92
55 56 76 79 86 88 90
56 57 75 76
57 58 73 75
58 60 71 73
60 61 69 71
61 62 68 69
62 63 67 68
63 64 66 67
64 65 66
66 70 72 67
67 72 74 68
68 74 77 69
69 77 78 71
70 93 91 89 87 85 72
71 78 80 73
72 85 84 74
73 80 79 75
74 84 82 77
75 79 76
77 82 81 78
78 81 80
79 80 81 83 86
81 82 83
82 84 87 88 83
83 88 86
84 85 87
87 89 88
88 89 91 90
91 93 94 92
