68
0,1
1,20/21
1,26/27
1,87/89
1,167/169
1,106/107
1,127/128
1,261/263
1,1
6497/6490,3172/3245
12337/12314,6084/6157
7811/7795,7722/7795
46720/46619,46254/46619
95995/95786,47528/47893
19669/19622,9590/9811
365/364,1
338/337,338/337
313/312,1
37349/37222,18390/18611
23647/23561,23340/23561
28288/28181,27960/28181
263/262,130/131
221/220,1
46631/46399,46620/46399
179/178,90/89
337/335,68/67
30595/30401,30546/30401
145/144,1
54227/53837,54094/53837
257/255,1
128/127,126/127
241/239,238/239
113/112,1
27499/27253,26996/27253
43433/43031,42517/43031
211/209,210/209
197/195,1
22873/22631,22117/22631
21079/20837,20640/20837
169/167,165/167
3103/3065,3036/3065
145/143,136/143
145/143,1
19865/19519,19954/19519
3649/3578,1748/1789
101/99,28/27
4387/4289,4248/4289
43429/42421,43372/42421
41/40,1
38/37,112/111
317/308,1
137/133,136/133
33919/32881,32564/32881
89/86,42/43
229/221,1
107/103,102/103
25/24,1
79/75,26/25
115/109,114/109
125/117,1
265/247,1
3625/3301,33436/36311
319/289,266/289
35/31,26/31
193/168,1
31/26,14/13
5/4,1
7/5,4/5
69
0 1 2
0 2 3
0 3 4
0 4 5
0 5 6
0 6 7
0 7 8
0 8 15 16
0 16 17 22 23
0 23 24
0 24 25
0 25 28 35 36 42 43
0 41 37 14 1
0 43 45
0 45 47 51 54 56 57
0 57 58
0 58 60 64 65
0 61 59 56 55 53 44 41
0 63 61
1 14 9 2
2 9 3
3 9 10 4
4 10 11 5
5 11 12 6
6 12 13 7
7 13 15 8
9 14 18 10
10 18 19 11
11 19 20 12
12 20 21 13
13 21 17 15
14 37 34 18
15 17 16
17 21 22
18 34 33 19
19 33 31 30 20
20 30 27 22 21
22 27 26 23
23 26 24
24 26 28 25
26 27 29 28
27 30 31 29
28 29 32 35
29 31 32
31 33 38 36 32
32 36 35
33 34 39 38
34 37 44 46 40 39
36 38 40 42
37 41 44
38 39 40
40 46 48 42
42 48 49 47 43
43 47 45
44 53 52 46
46 52 50 48
47 49 51
48 50 49
49 50 54 51
50 52 55 54
52 53 55
54 55 56
56 59 57
57 59 60 58
59 61 62 60
60 62 64
61 63 66 64 62
63 67 66
64 66 65
