32
3/7,6/7
3/7,1
4/7,3/7
4/7,4/7
4/7,9/14
4/7,5/7
4/7,6/7
4/7,20/21
4/7,1
13/21,4/7
9/14,1
5/7,3/7
5/7,4/7
5/7,5/7
5/7,6/7
5/7,1
6/7,4/7
6/7,5/7
6/7,6/7
6/7,1
6/7,8/7
13/14,4/7
20/21,1
1,4/7
1,13/21
1,5/7
1,6/7
1,13/14
1,1
1,8/7
8/7,4/7
8/7,5/7
26
0 1 8 7
0 6 5 4
0 7 6
2 3 9 11
3 4 9
4 5 13 12 9
5 6 14 13
6 7 10 15 14
7 8 10
9 12 11
10 20 19 15
11 12 16 21
12 13 17 16
13 14 18 17
14 15 19 18
16 17 25 24 21
17 18 26 25
18 19 22 27 26
19 20 22
20 29 28 22
21 24 23
22 28 27
23 24 31 30
24 25 31
25 26 27 31 24
31 25 26 27
