89
-1/5,1/5
-1/5,3/10
-1/5,2/5
-1/5,1/2
-1/5,3/5
-1/6,13/30
-4/25,21/50
-3/20,1/4
-3/20,3/10
-3/20,2/5
-3/20,9/20
-3/20,11/20
-2/15,4/15
-2/15,13/30
-2/15,8/15
-1/10,1/5
-1/10,3/10
-1/10,2/5
-1/10,9/20
-1/10,1/2
-1/10,11/20
-1/10,3/5
-2/25,23/50
-1/15,1/3
-1/15,13/30
-1/15,7/15
-3/50,8/25
-3/50,21/50
-1/20,1/4
-1/20,3/10
-1/20,7/20
-1/20,2/5
-1/20,9/20
-1/30,7/30
-1/30,4/15
-1/30,1/3
-1/30,11/30
-1/30,13/30
-1/50,6/25
-1/50,17/50
0,1/5
0,1/4
0,3/10
0,7/20
0,2/5
0,9/20
0,1/2
0,11/20
0,3/5
1/50,23/50
1/50,14/25
1/30,11/30
1/30,13/30
1/30,7/15
1/30,8/15
1/30,17/30
1/20,7/20
1/20,2/5
1/20,9/20
1/20,1/2
1/20,11/20
3/50,19/50
3/50,12/25
1/15,1/3
1/15,11/30
1/15,7/15
2/25,17/50
1/10,1/5
1/10,1/4
1/10,3/10
1/10,7/20
1/10,2/5
1/10,1/2
1/10,3/5
2/15,4/15
2/15,11/30
2/15,8/15
3/20,1/4
3/20,7/20
3/20,2/5
3/20,1/2
3/20,11/20
4/25,19/50
1/6,11/30
1/5,1/5
1/5,3/10
1/5,2/5
1/5,1/2
1/5,3/5
124
0 7 15
1 8 12 7
1 2 8
2 3 10 5
2 5 6
2 6 9
2 9 16
2 16 8
3 4 11
3 5 2
3 11 14
3 14 19 10
5 3 10
5 10 13 6
6 13 17 9
7 12 15 0
8 16 12
9 17 23 16
10 19 18 13
11 21 20 14
12 16 28 15
13 18 17
14 20 19
15 33 40
15 7 12
15 28 33
16 23 26
16 26 29
16 29 34 28
17 18 22 24
17 24 27
17 27 31
17 30 23
17 31 36 30
18 19 22
19 47 46 25
19 48 50 47
19 20 48
19 25 22
20 21 48 19 14
22 25 32 24
23 30 35 26
24 32 37 27
25 46 32
26 35 42 29
27 37 44 31
28 34 38 33
29 42 34
30 36 39 35
31 44 36
32 46 45 37
33 38 40
34 42 41 38
35 39 42
36 44 43 39
37 45 44
38 41 40 33
39 43 42 35
40 68 67
40 69 68
40 38 41
40 41 69
41 42 63 69
42 39 43
42 43 51 56
42 56 63
43 44 51
44 45 49 52
44 52 57
44 57 61 51
45 46 49
46 47 50 54
46 53 49
46 54 59
46 59 62 53
47 48 73 60 55
48 47 19
48 20 21
48 55 50
49 53 58 52
50 55 60 54
51 61 64 56
52 58 71 57
53 62 65 58
54 60 72 59
55 48 73 60
55 73 60
56 64 66 63
57 71 64 61
58 65 71
59 72 65 62
60 73 76 72
61 71 64
62 72 65
63 66 69
64 71 70 66
65 72 79 71
66 70 69
67 68 74 77
68 69 74
69 70 75 78
69 78 85 74
70 71 75
71 79 82 75
71 61 57
72 76 80
72 80 86
72 86 82 79
72 62 59
73 81 76
73 55 48
73 88 81
74 85 77
75 82 83 78
76 81 87 80
77 85 84
78 83 85
79 86 82
80 87 86 72 76
82 86 83
83 86 85 78
85 83 86
86 79 72
86 80 87
