38
0,-269/1700
0,-36/425
0,-137/1700
0,-89/1700
0,-43/850
0,-79/1700
0,-77/1700
0,-63/1700
0,-7/425
0,-1/425
0,0
0,1/850
0,3/425
0,13/1700
0,61/1700
0,143/1700
0,31/340
0,189/1700
0,211/1700
1,-269/1700
1,-36/425
1,-137/1700
1,-89/1700
1,-43/850
1,-79/1700
1,-77/1700
1,-63/1700
1,-7/425
1,-1/425
1,0
1,1/850
1,3/425
1,13/1700
1,61/1700
1,143/1700
1,31/340
1,189/1700
1,211/1700
18
0 19 20 1
1 20 21 2
2 21 22 3
3 22 23 4
4 23 24 5
5 24 25 6
6 25 26 7
7 26 27 8
8 27 28 9
9 28 29 10
10 29 30 11
11 30 31 12
12 31 32 13
13 32 33 14
14 33 34 15
15 34 35 16
16 35 36 17
17 36 37 18
