42
0,-163/950
0,-16/95
0,-307/1900
0,-11/76
0,-271/1900
0,-33/950
0,-1/95
0,0
0,2/475
0,3/380
0,17/475
0,91/1900
0,1/20
0,109/1900
0,79/950
0,37/380
0,39/380
0,99/950
0,213/1900
0,54/475
0,229/1900
1,-163/950
1,-16/95
1,-307/1900
1,-11/76
1,-271/1900
1,-33/950
1,-1/95
1,0
1,2/475
1,3/380
1,17/475
1,91/1900
1,1/20
1,109/1900
1,79/950
1,37/380
1,39/380
1,99/950
1,213/1900
1,54/475
1,229/1900
20
0 21 22 1
1 22 23 2
2 23 24 3
3 24 25 4
4 25 26 5
5 26 27 6
6 27 28 7
7 28 29 8
8 29 30 9
9 30 31 10
10 31 32 11
11 32 33 12
12 33 34 13
13 34 35 14
14 35 36 15
15 36 37 16
16 37 38 17
17 38 39 18
18 39 40 19
19 40 41 20
