13
1614426613511945013819790251/2,0
3228853227023890027639580503/4,-1/4
3228853227023890027639580503/4,0
3228853227023890027639580503/4,1/4
807213306755972506909895126,-1/2
807213306755972506909895126,-1/4
807213306755972506909895126,0
807213306755972506909895126,1/4
807213306755972506909895126,1/2
3228853227023890027639580505/4,-1/4
3228853227023890027639580505/4,0
3228853227023890027639580505/4,1/4
1614426613511945013819790253/2,0
12
0 2 3
1 4 5
1 5 6
1 6 2
2 6 3
3 6 7
5 9 6
6 9 10
6 10 11
6 11 7
7 11 8
9 12 10
