13
0,123456789012345678901234567890123456789012345678901234567891
1/4,493827156049382715604938271560493827156049382715604938271563/4
1/4,123456789012345678901234567890123456789012345678901234567891
1/4,493827156049382715604938271560493827156049382715604938271565/4
1/2,246913578024691357802469135780246913578024691357802469135781/2
1/2,493827156049382715604938271560493827156049382715604938271563/4
1/2,123456789012345678901234567890123456789012345678901234567891
1/2,493827156049382715604938271560493827156049382715604938271565/4
1/2,246913578024691357802469135780246913578024691357802469135783/2
3/4,493827156049382715604938271560493827156049382715604938271563/4
3/4,123456789012345678901234567890123456789012345678901234567891
3/4,493827156049382715604938271560493827156049382715604938271565/4
1,123456789012345678901234567890123456789012345678901234567891
12
0 1 2
1 5 6
1 6 2
2 6 3
3 6 7
3 7 8
4 9 5
5 9 6
6 9 10
6 10 11
6 11 7
10 12 11
