13
123456789012345678901234567890123456789012345678901234567890,1
493827156049382715604938271560493827156049382715604938271561/4,3/4
493827156049382715604938271560493827156049382715604938271561/4,1
493827156049382715604938271560493827156049382715604938271561/4,5/4
246913578024691357802469135780246913578024691357802469135781/2,1/2
246913578024691357802469135780246913578024691357802469135781/2,3/4
246913578024691357802469135780246913578024691357802469135781/2,1
246913578024691357802469135780246913578024691357802469135781/2,5/4
246913578024691357802469135780246913578024691357802469135781/2,3/2
493827156049382715604938271560493827156049382715604938271563/4,3/4
493827156049382715604938271560493827156049382715604938271563/4,1
493827156049382715604938271560493827156049382715604938271563/4,5/4
123456789012345678901234567890123456789012345678901234567891,1
12
0 1 2
1 5 6
1 6 2
2 6 3
3 6 7
3 7 8
4 9 5
5 9 6
6 9 10
6 10 11
6 11 7
10 12 11
