14
-81733554112451217/386292787903600969,109681441392799901/386292787903600969
-4376160595811/22093442995290,237807805955/736448099843
-6391032209396545879670913/61794225439602129698810201,15228978813643169874487641/61794225439602129698810201
0,0
0,59786319/367027279
0,25622607856380669/121664154848077720
0,20885/55016
56370798225/419177312768,2749674254619/16767092510720
19928773/98836480,0
35790983/90102603,118535255/240273608
258427801/471833521,-131916879/471833521
283923559/367027279,0
1,0
1,287/1024
9
0 2 1
1 2 5 6
2 4 5
3 8 4
4 8 11 13 9 7 5
5 7 6
6 7 9
8 10 11
11 12 13
